image_00000 219 265 240 289
image_00001 221 269 238 291
image_00002 223 269 237 287
image_00003 222 265 237 283
image_00004 221 266 238 283
image_00005 222 263 240 285
image_00006 221 262 241 284
image_00007 222 262 244 285
image_00008 219 261 241 281
image_00009 217 258 244 287
image_00010 216 258 244 287
image_00011 215 256 247 295
image_00012 217 258 251 296
image_00013 216 258 253 294
image_00014 219 257 251 294
image_00015 219 257 254 292
image_00016 219 246 251 280
image_00017 222 246 257 285
image_00018 218 244 259 283
image_00019 217 247 261 290
image_00020 227 254 254 286
image_00021 226 254 253 286
image_00022 224 252 257 293
image_00023 227 254 257 293
image_00024 226 254 261 292
image_00025 231 255 257 294
image_00026 230 255 258 294
image_00027 227 255 260 294
image_00028 230 255 259 296
image_00029 230 258 257 297
image_00030 228 256 260 295
image_00031 230 260 255 297
image_00032 232 258 257 296
image_00033 231 255 256 300
image_00034 233 259 256 298
image_00035 235 260 257 298
image_00036 237 258 263 299
image_00037 237 256 266 297
image_00038 239 254 267 294
image_00039 237 252 267 295
image_00040 236 252 264 295
image_00041 236 253 268 285
image_00042 236 250 270 284
image_00043 240 250 270 282
image_00044 239 244 275 279
image_00045 240 235 274 275
image_00046 241 235 271 275
image_00047 244 236 274 270
image_00048 242 237 274 274
image_00049 245 238 276 273
image_00050 246 235 275 269
image_00051 247 237 275 273
image_00052 251 238 275 269
image_00053 252 239 277 271
image_00054 253 238 275 271
image_00055 254 236 267 264
image_00056 256 242 274 265
image_00057 258 239 270 262
image_00058 256 239 272 261
image_00059 257 243 269 261
image_00060 254 242 270 262
image_00061 257 241 271 262
image_00062 256 243 270 261
image_00063 256 243 268 260
